137675321
144046174
20150585
204450798
24243874
33065672
168404037
52484184
254896526
254896794
254871760
254871744
229764828
205673512
243300456
13763748
139196211
172069313
206147399
11119985
206246426
205977423
116813643
205685450
243017139
205685551
252882714
245784317
242391973
229805444
143468298
111712435
143468129
36023947
54683588
68139092
206147376
83743179
251770063
206553302
59478772
209907468
139222915
253111307
227326580
250099753
229805345
243082353
242841242
89698759
245773668
124275744
251772917
206553965
129010866
107077858
242999577
206553450
206554056
206553261
229747995
206553308
209909083
248865886
116470301
209907945
248858613
144197460
94306870
38495219
206553432
246852873
116470590
206553272
206244672
205666051
206554060
149655340
11078812
242717741
248154660
245787203
253073394
206553412
250100139
205691354
155199093
246856195
144198306
242882260
250099921
242717078
16197757
36995833
92744455
138771951
92743919
31909260
77718785
109976728
38467919
250118468
250117849
259485900
31908911
212260370
110360088
74571640
207990670
41343279
35723131
35723368
179142419
149688054
206473684
206470218
225314670
130773904
209165308
252279274
247275270
41293717
246851142
162087391
246853057
45832109
245769955
179142316
202957538
199684298
205081143
203200763
242712795
202799211
129714951
129727779
111158140
261900853
136891407
261900461
262524753
209165145
140331433
140987470
261900631
249093147
186676376
199607003
252356056
242881295
205285722
209165158
129416808
207709582
198414835
83665733
245218785
253186947
35227126
251102827
180592620
206553948
263625495
212251981
198074821
215129534
198817566
248491779
205280846
175150254
215129516
207397535
206147748
215129627
204437685
207281745
201610324
2069457
225249714
206987457
205829661
215129641
206984985
212211917
207271258
203998915
205829900
215129592
207289508
243245471
201610378
215129358
209377538
237819237
136699272
175150267
187946670
262533668
202784251
215129303
202784158
207268453
212479746
207194970
204430928
205115266
205116826
210758473
204429541
212479743
206987459
205829906
114572377
215129375
206781415
206914169
203960964
209908200
216935800
197379419
205297523
189235633
205829904
215723322
114876967
206553980
212251749
260807619
207876075
203999042
260807322
165015382
202784240
215129617
262830165
215129650
215129479
215129351
208748025
248113986
206553941
207997494
222655805
204049817
200935495
202784229
204064755
204064846
215129437
207255107
208071217
178111489
202784141
202784196
215129524
215129560
215129548
116106095
150252282
207749486
215129302
208062183
203960697
203960952
206987830
114894597
202724634
215129393
215129440
247449409
91129745
215129629
215129246
116106183
114572652
199144679
150247761
150857989
35251478
38208053
202719601
252177965
154530131
185235526
215162868
214841295
146232045
149128429
253041020
243223165
154532215
36767996
251921456
150857577
180576324
190702979
138989666
242102470
147873300
154532108
263403786
154532335
181940296
135370586
107405220
260640691
147873788
261995759
205691936
109281355
242424871
144199447
162966789
221239902
143144978
205690661
229770132
144230422
259514222
221255334
251773322
252357193
204064371
91932472
137676921
74532664
75769663
137675299
197329296
137676203
91938807
31855083
146250691
80665479
91940010
137675369
91937597
137675537
137676428
137676504
93830430
91945133
257925319
254896486
91950879
253184152
74421745
248884068
155778757
153770931
137676419
35865497
254896992
254896847
254896832
254871792
254896768
254896507
36869362
254896890
214760217
254897050
214757478
137676509
254896809
37961414
153530111
254896904
137676513
242504261
262839195
214798971
262673273
107278644
178745135
198364422
205529304
249610710
115677940
199684319
162163898
143406068
45244396
201121651
87548184
87552969
163570490
178041627
178041921
177703218
262787489
178042439
177703021
244167141
107975641
87564818
163570579
177703463
163570578
153612232
203960672
178042430
163569552
176488082
177703051
242200601
178042489
177703395
178041869
163569558
163570657
21284912
164536069
177703256
178042482
177703093
178042194
177703356
14083682
178042421
163570467
163570619
177703412
108324598
262301764
217332235
246770166
166233431
246755238
93764811
114877982
57763788
184698105
150946988
203958134
177813776
228930728
139033619
71092007
171104261
73544502
248494132
248496686
246856721
205422991
220741858
248495222
195940874
248215260
199144320
212251398
186552167
183034117
207749479
209378834
248492481
203999095
210757803
215129611
212479761
206781406
212252157
248493276
249602001
226562217
192259825
248495488
249657398
248496424
249601462
249600827
248494625
203999080
210761027
203982877
205113157
215738858
212211925
209908633
205298840
212251743
239142056
208748014
176508941
215129265
215129312
262787502
178297848
180585865
207285065
114572662
180585063
207256868
210132074
212251999
215129353
262346337
206781402
178606776
251772966
246850985
249602668
215129295
215129445
205286057
215129541
215129477
249601697
212479704
206713368
204411091
115667335
100319951
95296908
258610145
102638291
225210590
107195032
162976249
82921009
225210603
108055389
40184664
242502865
251550541
228988486
127113936
197856197
127097023
260797947
242075879
251265495
247666472
162973658
214595306
251536700
166412645
248644380
251265271
204411099
248353725
261978845
251265358
247249283
228987720
250086235
251536737
191123281
197366896
251265500
205278683
261072979
251267028
251265414
251265341
251265476
247247956
248540527
251536998
42496586
251267048
251265507
251265281
121331576
127528127
251265309
251265412
251265261
52649564
87557157
251536661
262818198
127114141
251536679
247238593
192970180
248638676
251536925
251265337
251265401
251262923
251265307
247238807
251536707
251536952
12671823
251537022
251267032
52649551
23569151
251536923
225209672
239178180
228989781
87560124
174932071
52649547
52649555
14348102
52112865
52649533
162197629
262673016
243084989
246856167
245900784
262839280
262838603
208760933
210279196
214234034
202788110
190703156
222399161
200795801
2386945
204065025
198289547
203703583
203960914
195238171
207299029
200798618
210280335
76359080
207299276
74443873
203960841
127537280
23383685
222399232
207831478
14054194
204064868
204658727
204064908
208120165
19562427
87851737
10170131
190824033
127531945
55886475
130423003
41321260
242716498
9969307
185851073
252720992
257787201
217763386
263100423
249947528
253766925
247788646
193767656
202786108
190695872
251590785
248619617
2152895
242859748
10297936
246960313
242866154
251590836
108102585
190702768
54368341
87550755
87851730
87558163
87555421
87547798
87553574
87554029
87553797
54442572
54383631
54393657
54393665
87851659
54583105
198079078
253116073
87552652
53838886
54393674
87555783
54393642
53839583
54442551
87550859
204658871
52659820
53837553
150947006
87551805
53840242
52659824
53839813
53837414
53836822
54383608
54442554
13635619
108358268
121106476
10102128
193155919
258668703
111521985
246136752
7253439
262835627
104908913
115196180
251751008
204411026
202012916
262846190
262845891
254181075
262846146
246162959
107219238
262749764
262845989
190826135
261961817
144631305
113887120
88096885
120431463
246209066
104791896
167478124
200528988
173380362
167481417
167477772
195548070
247922159
26162099
263047165
36740931
167483500
246856779
12023133
87771852
167477366
34725666
249591076
249601277
252211869
178088896
262811657
34723602
183491790
128660837
261978801
53492237
16753510
164552469
45463834
97708090
57522629
230005869
12354438
33564005
25293276
263573578
263573701
83788044
263573593
70806893
244306095
263573515
263573803
263573693
263573516
263573576
263573936
263573581
70880515
39951047
36188812
46732905
206134891
137675541
44778879
230004864
12316293
217524778
71011303
87557001
83910574
213921058
225263759
253614654
84549047
134389899
10686361
83930047
261839476
261798479
12107818
202715453
253620976
230201510
205889379
205892589
193647601
205692600
205886057
46655824
247437307
186909064
197729017
198465853
200798638
210959895
102797694
189420388
199638230
260805654
251573204
210278471
164965404
217528573
253146662
196469884
114572403
200798555
187598558
262693032
263401984
219369225
200797942
203730972
248783003
200797882
197730935
210280121
210278015
250010817
63598759
218750573
174113468
203960851
203960862
204064409
203960840
203960855
204437733
204065101
204064542
204065506
204650196
203992243
203960845
203992378
203704047
203703280
203731026
200800257
200798631
204064916
207341537
203960916
203961147
205793001
248777924
200799084
213969881
204065056
203992149
213969882
262706662
204064746
200800067
205810478
206836167
203960707
204437406
203992328
204064320
204064447
204064369
203998899
203730958
204065053
204064488
210279841
210276664
261988228
210279181
197856522
200799123
210279490
210279892
203961125
200799409
203961026
203961169
251262713
210276967
203960975
210278452
164972793
203961052
242703693
204044482
144045034
263099604
263099547
252757905
210278948
200800397
204437759
254124238
176150593
129172465
261979067
190367084
243084656
6528635
261979142
261978851
261978823
261979037
261979001
261978931
261979157
261978937
261979084
261979052
261978932
106242035
190703501
167475454
13940547
263655215
104794757
104792902
246432064
80021389
245889367
77879001
195745514
49250760
242200678
114572449
192761524
225915740
262198965
261815158
192757872
192786153
255349730
200551129
247950409
263403811
262082309
263110063
173238278
253664020
262213883
87851756
253193479
253350227
263294035
262646337
244690356
167473816
200546939
161869519
215878052
215886021
262483955
173281156
247288733
208122526
248494657
248746103
247788699
215887031
247788323
262235674
200548604
161894761
262227178
200550020
192754653
192784272
200539150
215881061
248916220
262482056
164968515
252887336
173276282
208613149
247788420
262780647
162217485
173237581
262779574
206673684
207067802
144763130
161874320
249657975
63582317
249662613
206488185
221692672
109017703
240474641
202787474
249017750
172067531
202798804
260810317
164968086
263087695
166209502
87556401
221225764
52277277
253614911
87563213
87548845
63548262
166208944
17928527
130422290
87558397
63600586
113709695
69090355
202785989
54745696
202788159
63507919
87549360
113709643
196175015
63595377
126158085
87549039
130425293
91403505
196800922
113709617
113709632
94674261
199108529
